628
187
225
481
949
292
697
260
683
525
901
148
908
709
640
506
336
529
729
747
738
437
807
133
852
841
631
191
834
36
494
724
432
281
550
230
45
567
509
652
464
314
788
295
461
703
944
382
232
379
59
847
387
135
573
419
904
172
986
693
97
913
476
536
965
326
590
152
371
569
940
286
808
104
542
297
594
898
651
588
246
175
714
770
765
535
113
331
324
608
595
53
676
470
746
460
123
731
614
661
725
6
601
752
498
70
997
136
425
518
202
501
412
188
520
100
686
392
130
213
701
23
632
240
173
850
311
915
958
599
80
251
279
907
203
540
876
740
611
243
278
792
527
491
963
937
223
185
767
989
364
758
17
769
236
735
580
19
255
753
559
115
495
147
592
349
307
722
702
612
811
63
132
363
849
935
544
4
956
971
582
51
32
610
163
718
475
557
909
373
957
219
39
289
814
983
325
233
565
648
634
399
356
787
663
547
265
939
380
473
858
370
55
626
650
581
636
929
704
57
68
64
485
899
791
708
667
290
344
552
234
480
299
415
794
126
528
828
253
571
921
438
838
66
183
504
52
15
924
927
616
451
879
694
523
946
422
851
304
340
337
5
881
176
914
689
900
853
861
684
737
887
398
896
378
62
597
1
139
463
805
151
835
613
78
360
558
245
781
317
46
782
563
607
954
329
273
804
310
155
748
160
118
170
761
8
26
574
890
106
249
556
643
600
882
734
466
462
833
973
976
842
572
577
105
591
863
24
837
333
250
108
799
161
721
978
488
477
434
998
522
206
429
839
276
759
534
513
698
521
10
433
646
93
309
820
305
383
16
339
35
158
526
334
656
60
280
365
840
138
180
579
268
855
832
609
467
154
95
932
69
671
992
713
358
883
33
951
598
257
284
947
583
193
875
604
668
308
673
999
56
487
87
741
117
771
407
345
332
984
621
426
516
403
862
404
930
145
162
25
674
779
348
266
707
593
545
795
625
181
241
644
7
801
635
742
925
125
948
119
129
802
288
121
254
972
739
630
493
195
905
472
696
384
83
638
214
889
755
586
793
346
605
31
844
338
277
785
803
352
962
497
440
211
171
517
633
830
620
941
681
423
140
116
988
700
943
543
421
168
658
322
757
816
736
538
666
860
893
103
222
269
386
906
443
705
763
928
142
489
484
720
768
766
813
764
894
575
411
772
680
109
367
107
198
706
374
749
124
515
92
831
110
871
955
546
361
366
566
969
974
43
319
627
923
441
303
617
812
184
120
655
642
436
622
416
990
482
291
401
248
641
553
40
942
67
224
89
873
47
503
751
72
953
30
263
20
970
530
532
318
402
442
410
637
891
58
790
623
376
778
201
679
596
215
397
870
603
99
446
320
670
730
242
357
710
316
350
857
880
773
615
235
756
500
252
966
784
977
226
96
54
427
239
980
733
555
90
964
74
822
886
810
511
554
874
762
28
177
916
920
27
452
342
424
282
987
995
167
313
869
982
806
712
274
396
458
38
719
789
499
885
846
699
244
624
961
312
945
9
492
677
179
695
293
824
917
261
49
368
61
796
112
149
692
859
375
502
37
715
270
664
420
675
657
450
393
537
979
754
362
711
895
568
217
414
902
448
952
514
395
212
578
639
409
931
12
745
960
505
114
645
685
662
208
531
150
262
174
435
454
678
669
872
22
776
691
405
0
845
548
159
285
843
408
606
490
809
394
981
868
71
659
11
34
797
77
934
774
865
218
551
178
743
856
878
259
229
101
275
127
400
690
137
341
744
892
389
298
589
848
44
687
562
903
347
512
65
991
727
306
169
829
391
911
182
866
122
649
272
146
468
82
618
196
258
817
381
818
967
821
912
207
926
14
717
570
629
864
372
330
786
153
192
457
199
102
3
287
993
157
216
541
479
264
134
283
584
355
682
585
985
994
209
131
672
166
428
86
220
194
726
189
959
388
413
602
294
539
867
510
453
164
910
204
143
75
200
335
783
390
996
653
351
897
815
750
343
798
431
486
975
29
533
385
354
50
507
228
94
98
231
430
469
85
836
688
271
73
561
111
418
456
619
576
190
760
474
780
300
938
919
564
210
922
221
141
247
256
665
827
21
91
2
508
483
823
301
197
445
933
41
237
88
315
323
296
918
777
128
369
439
144
496
459
81
819
449
854
775
825
560
826
936
471
48
950
377
968
327
79
406
884
359
186
478
328
877
227
728
587
732
42
800
321
654
444
888
302
549
13
84
647
238
18
165
205
716
660
524
156
465
353
417
519
447
267
76
723
455
